# Created by Octave 4.2.0, Thu Nov 17 09:36:56 2016 GMT <unknown@unknown>
# name: v
# type: matrix
# rows: 1
# columns: 12
 2 2 2 1 1 1 3 4 5 3 2 6


